[gd_scene load_steps=7 format=2]

[ext_resource path="res://Player.gd" type="Script" id=1]
[ext_resource path="res://CharacterController.gd" type="Script" id=2]
[ext_resource path="res://crosshair.png" type="Texture" id=3]

[sub_resource type="RayShape" id=1]
length = 3.0

[sub_resource type="CylinderShape" id=2]
radius = 1.1
height = 1.0

[sub_resource type="CylinderMesh" id=3]
top_radius = 1.1
bottom_radius = 1.1
height = 3.5
radial_segments = 32
rings = 1

[node name="Player" type="Spatial"]
transform = Transform( 1, 0, 0, 0, 1, 0, 0, 0, 1, 1, 0, 1 )
script = ExtResource( 1 )

[node name="Body" type="KinematicBody" parent="."]
transform = Transform( 1, 0, 0, 0, 1, 0, 0, 0, 1, 0, 3, 0 )
collision_layer = 2
script = ExtResource( 2 )

[node name="RayShape" type="CollisionShape" parent="Body"]
transform = Transform( 1, 0, 0, 0, -4.37114e-08, -1, 0, 1, -4.37114e-08, 0, 0, 1 )
shape = SubResource( 1 )

[node name="RayShape2" type="CollisionShape" parent="Body"]
transform = Transform( 1, 0, 0, 0, -4.37114e-08, -1, 0, 1, -4.37114e-08, 0, 0, -1 )
shape = SubResource( 1 )

[node name="RayShape3" type="CollisionShape" parent="Body"]
transform = Transform( 1, 0, 0, 0, -4.37114e-08, -1, 0, 1, -4.37114e-08, -1, 0, 0 )
shape = SubResource( 1 )

[node name="RayShape4" type="CollisionShape" parent="Body"]
transform = Transform( 1, 0, 0, 0, -4.37114e-08, -1, 0, 1, -4.37114e-08, 1, 0, 0 )
shape = SubResource( 1 )

[node name="RayShape5" type="CollisionShape" parent="Body"]
transform = Transform( 0.707107, -0.707107, 3.09086e-08, 0, -4.37114e-08, -1, 0.707107, 0.707107, -3.09086e-08, -0.707107, 0, 0.707107 )
shape = SubResource( 1 )

[node name="RayShape6" type="CollisionShape" parent="Body"]
transform = Transform( 0.707107, -0.707107, 3.09086e-08, 0, -4.37114e-08, -1, 0.707107, 0.707107, -3.09086e-08, 0.707107, 0, -0.707107 )
shape = SubResource( 1 )

[node name="RayShape7" type="CollisionShape" parent="Body"]
transform = Transform( 0.707107, -0.707107, 3.09086e-08, 0, -4.37114e-08, -1, 0.707107, 0.707107, -3.09086e-08, -0.707107, 0, -0.707107 )
shape = SubResource( 1 )

[node name="RayShape8" type="CollisionShape" parent="Body"]
transform = Transform( 0.707107, -0.707107, 3.09086e-08, 0, -4.37114e-08, -1, 0.707107, 0.707107, -3.09086e-08, 0.707107, 0, 0.707107 )
shape = SubResource( 1 )

[node name="CylinderHead" type="CollisionShape" parent="Body"]
shape = SubResource( 2 )

[node name="HeadCamera" type="Camera" parent="Body"]
current = true
far = 90.0

[node name="RemoteTransform" type="RemoteTransform" parent="Body/HeadCamera"]
transform = Transform( 1, 0, 0, 0, 1, 0, 0, 0, 1, 0, -1.25, 0 )
remote_path = NodePath("../../../PlayerModel")
update_rotation = false
update_scale = false

[node name="ShootRay" type="RayCast" parent="Body/HeadCamera"]
enabled = true
cast_to = Vector3( 0, 0, -20 )
collision_mask = 13
collide_with_areas = true

[node name="CursorRay" type="RayCast" parent="Body/HeadCamera"]
enabled = true
cast_to = Vector3( 0, 0, -3 )
collision_mask = 4
collide_with_areas = true

[node name="CameraTargetPosition" type="Position3D" parent="Body"]

[node name="PlayerModel" type="MeshInstance" parent="."]
transform = Transform( 1, 0, 0, 0, 1, 0, 0, 0, 1, 0, 1.75, 0 )
visible = false
mesh = SubResource( 3 )
skeleton = NodePath("../Body")
material/0 = null

[node name="CanvasLayer" type="CanvasLayer" parent="."]

[node name="CenterContainer" type="CenterContainer" parent="CanvasLayer"]
anchor_right = 1.0
anchor_bottom = 1.0
mouse_filter = 2

[node name="TextureRect" type="TextureRect" parent="CanvasLayer/CenterContainer"]
margin_left = 604.0
margin_top = 324.0
margin_right = 676.0
margin_bottom = 396.0
mouse_filter = 2
texture = ExtResource( 3 )
stretch_mode = 3
